<?xml version="1.0"?>
<opencv_storage>
<COMPARERESULT type_id="opencv-matrix">
  <rows>719</rows>
  <cols>2</cols>
  <dt>i</dt>
  <data>
    107 1 107 9 107 9 107 9 107 9 107 9 107 9 107 9 107 9 107 9 107 9
    107 17 107 17 107 17 107 17 107 17 107 17 107 17 107 17 107 17 107
    17 107 25 107 25 107 25 107 25 107 25 107 25 107 25 107 25 107 25
    107 25 107 33 107 33 107 33 107 33 107 33 107 33 107 33 107 33 107
    33 107 33 107 41 107 41 107 41 107 41 107 41 107 41 107 41 107 41
    107 41 107 41 107 49 107 49 107 49 107 49 107 49 107 49 107 49 107
    49 107 49 107 49 107 57 107 57 107 57 107 57 107 57 107 57 107 57
    107 57 107 57 107 57 107 58 107 66 107 66 107 66 107 66 107 66 107
    66 107 66 107 66 107 66 107 66 107 66 107 74 107 74 107 74 107 74
    107 74 107 74 107 74 107 74 107 74 107 74 107 75 107 75 107 83 107
    83 107 83 107 83 107 83 107 83 107 83 107 83 107 83 107 83 107 84
    107 84 107 84 107 84 107 84 107 84 107 84 107 84 107 84 107 84 107
    84 107 85 107 85 107 85 107 85 107 77 107 77 107 77 107 77 107 77
    107 77 107 77 107 77 107 77 107 77 107 77 107 77 107 70 107 70 107
    70 107 70 107 70 107 70 107 70 107 70 107 70 107 70 107 70 107 62
    107 62 107 62 107 62 107 62 107 62 107 62 107 62 107 62 107 62 107
    54 107 54 107 54 107 54 107 54 107 54 107 54 107 54 107 54 107 54
    107 46 107 46 107 46 107 46 107 46 107 46 107 46 107 46 107 46 107
    46 107 38 107 38 107 38 107 38 107 38 107 38 107 38 107 38 107 38
    107 38 107 38 107 38 107 38 107 38 107 38 107 38 107 38 107 37 107
    37 107 37 107 37 107 37 107 37 107 37 107 37 107 37 107 37 107 45
    107 45 107 45 107 45 107 44 107 44 107 44 107 44 107 44 107 44 107
    44 107 44 107 52 107 52 107 52 107 52 107 52 107 52 107 52 107 52
    107 52 107 52 107 52 107 60 107 60 107 60 107 59 107 59 107 59 107
    59 107 59 107 59 107 59 107 59 107 67 107 67 107 67 107 67 107 67
    107 67 107 67 107 67 107 67 107 67 107 75 107 75 107 75 107 75 107
    75 107 75 107 75 107 75 107 75 107 75 107 83 107 83 107 83 107 83
    107 83 107 83 107 83 107 83 107 83 107 83 107 92 107 92 107 92 107
    92 107 92 107 92 107 92 107 92 107 92 107 92 107 92 107 100 107 100
    107 100 107 100 107 100 107 100 107 100 107 101 107 101 107 101 107
    101 107 101 107 101 107 101 107 101 107 101 107 109 107 109 107 109
    107 110 107 110 107 110 107 110 107 110 107 110 107 110 107 110 107
    102 107 102 107 102 107 102 107 101 107 101 107 101 107 101 107 101
    107 101 107 101 107 93 107 93 107 93 107 93 107 93 107 93 107 93 107
    93 107 93 107 93 107 93 107 85 107 85 107 85 107 84 107 84 107 84
    107 84 107 84 107 84 107 84 107 84 107 76 107 76 107 76 107 76 107
    76 107 76 107 76 107 76 107 76 107 76 107 76 107 68 107 68 107 68
    107 68 107 68 107 67 107 67 107 67 107 67 107 67 107 67 107 59 107
    59 107 59 107 59 107 59 107 59 107 59 107 59 107 59 107 59 107 59
    107 51 107 51 107 51 107 51 107 51 107 51 107 51 107 51 107 51 107
    51 107 51 107 42 107 42 107 42 107 42 107 42 107 42 107 42 107 42
    107 42 107 42 107 34 107 34 107 34 107 34 107 34 107 34 107 42 107
    42 107 42 107 42 107 42 107 42 107 42 107 42 107 42 107 42 107 50
    107 50 107 50 107 50 107 50 107 51 107 51 107 51 107 51 107 51 107
    59 107 59 107 59 107 59 107 59 107 59 107 59 107 59 107 59 107 59
    107 67 107 67 107 67 107 67 107 67 107 67 107 67 107 67 107 67 107
    67 107 74 107 74 107 74 107 74 107 74 107 74 107 74 107 74 107 74
    107 74 107 82 107 82 107 82 107 82 107 82 107 82 107 82 107 82 107
    82 107 82 107 90 107 90 107 90 107 90 107 90 107 90 107 90 107 90
    107 90 107 90 107 98 107 90 107 90 107 90 107 90 107 90 107 90 107
    90 107 90 107 90 107 91 107 91 107 83 107 83 107 83 107 83 107 83
    107 83 107 83 107 83 107 83 107 83 107 75 107 75 107 75 107 75 107
    75 107 75 107 75 107 75 107 75 107 75 107 67 107 67 107 67 107 67
    107 67 107 67 107 67 107 67 107 67 107 67 107 67 107 59 107 59 107
    59 107 59 107 59 107 59 107 59 107 59 107 60 107 60 107 52 107 52
    107 52 107 52 107 52 107 52 107 52 107 52 107 52 107 52 107 44 107
    44 107 44 107 44 107 44 107 44 107 44 107 44 107 44 107 44 107 36
    107 36 107 36 107 36 107 36 107 36 107 36 107 36 107 36 107 36 107
    28 107 28 107 28 107 28 107 28 107 28 107 28 107 27 107 27 107 27
    107 19 107 19 107 19 107 19 107 19 107 19 107 19 107 19 107 19 107
    19 107 19 107 19 107 11 107 11 107 11 107 11 107 10 107 10 107 10
    107 10 107 10 107 10 107 10 107 10 107 10 107 10 107 10 107 9 107 9
    107 9 107 9 107 9 107 9 107 9 107 9 107 1 107 1 107 0 107 0 107 0
    107 0 107 0 107 0 107 8 107 8 107 8 107 8 107 8 107 8 107 8 107 8
    107 8 107 8 107 16 107 16 107 16 107 16 107 16 107 16 107 16 107 16
    107 16 107 16 107 24 107 24 107 24 107 24 107 24 107 24 107 24 107
    24 107 24 107 24 107 24 107 32 107 32 107 32 107 32 107 32 107 32
    107 32 107 32 107 32 107 32 107 41 107 41 107 41 107 41 107 41 107
    41 107 41 107 41 107 41 107 41 107 41 107 41 107 41 107 41 107 42
    107 42 107 42 107 42 107 42 107 42 107 42 107 42 107 42 107 42 107
    42 107 43 107 43 107 43 107 43 107 43 107 43 107 43 107 43 107 43
    107 43 107 43 107 44 107 44 107 44 107 36 107 36 107 36 107 36 107
    36 107 36 107 36 107 36 107 36 107 36 107 36 107 37 107 37 107 37
    107 29 107 29 107 29 107 29 107 29 107 29 107 29 107 29 107 29 107
    29 107 29 107 29 107 30 107 22 107 22 107 22 107 22 107 22 107 22
    107 22 107 22 107 22 107 22 107 22</data></COMPARERESULT>
<result type_id="opencv-matrix">
  <rows>719</rows>
  <cols>1</cols>
  <dt>i</dt>
  <data>
    13 12 12 12 12 12 12 12 12 12 12 11 11 11 11 11 11 11 11 11 11 10 10
    10 10 10 10 10 10 10 10 9 9 9 9 9 9 9 9 9 9 8 8 8 8 8 8 8 8 8 8 7 7
    7 7 7 7 7 7 7 7 6 6 6 6 6 6 6 6 6 6 6 5 5 5 5 5 5 5 5 5 5 5 4 4 4 4
    4 4 4 4 4 4 4 4 3 3 3 3 3 3 3 3 3 3 3 3 3 3 3 3 3 3 3 3 3 3 3 3 3 4
    4 4 4 4 4 4 4 4 4 4 4 5 5 5 5 5 5 5 5 5 5 5 6 6 6 6 6 6 6 6 6 6 7 7
    7 7 7 7 7 7 7 7 8 8 8 8 8 8 8 8 8 8 9 9 9 9 9 9 9 9 9 9 9 9 9 9 9 9
    9 9 9 9 9 9 9 9 9 9 9 8 8 8 8 8 8 8 8 8 8 8 8 7 7 7 7 7 7 7 7 7 7 7
    6 6 6 6 6 6 6 6 6 6 6 5 5 5 5 5 5 5 5 5 5 4 4 4 4 4 4 4 4 4 4 3 3 3
    3 3 3 3 3 3 3 2 2 2 2 2 2 2 2 2 2 2 1 1 1 1 1 1 1 2 2 2 2 2 2 2 2 2
    2 2 2 3 3 3 3 3 3 3 3 3 3 3 3 2 2 2 2 2 2 2 2 2 2 2 2 2 2 2 2 2 2 3
    3 3 3 3 3 3 3 3 3 3 4 4 4 4 4 4 4 4 4 4 4 5 5 5 5 5 5 5 5 5 5 5 6 6
    6 6 6 6 6 6 6 6 6 7 7 7 7 7 7 7 7 7 7 7 8 8 8 8 8 8 8 8 8 8 9 9 9 9
    9 9 8 8 8 8 8 8 8 8 8 8 7 7 7 7 7 7 7 7 7 7 6 6 6 6 6 6 6 6 6 6 5 5
    5 5 5 5 5 5 5 5 4 4 4 4 4 4 4 4 4 4 3 3 3 3 3 3 3 3 3 3 2 2 2 2 2 2
    2 2 2 2 1 2 2 2 2 2 2 2 2 2 2 2 3 3 3 3 3 3 3 3 3 3 4 4 4 4 4 4 4 4
    4 4 5 5 5 5 5 5 5 5 5 5 5 6 6 6 6 6 6 6 6 6 6 7 7 7 7 7 7 7 7 7 7 8
    8 8 8 8 8 8 8 8 8 9 9 9 9 9 9 9 9 9 9 10 10 10 10 10 10 10 10 10 10
    11 11 11 11 11 11 11 11 11 11 11 11 12 12 12 12 12 12 12 12 12 12 12
    12 12 12 12 12 12 12 12 12 12 12 12 13 13 13 13 13 13 13 13 12 12 12
    12 12 12 12 12 12 12 11 11 11 11 11 11 11 11 11 11 10 10 10 10 10 10
    10 10 10 10 10 9 9 9 9 9 9 9 9 9 9 8 8 8 8 8 8 8 8 8 8 8 8 8 8 8 8 8
    8 8 8 8 8 8 8 8 8 8 8 8 8 8 8 8 8 8 8 8 8 8 9 9 9 9 9 9 9 9 9 9 9 9
    9 9 10 10 10 10 10 10 10 10 10 10 10 10 10 11 11 11 11 11 11 11 11
    11 11 11</data></result>
</opencv_storage>
